100

1
180 465 
2
474 134 
3
137 15 
1
206 202 
3
158 387 
2
422 232 
1
237 408 
2
95 334 
2
445 313 
3
74 184 
1
84 110 
2
220 84 
1
123 221 
3
418 173 
2
138 77 
3
262 499 
2
120 236 
3
478 77 
1
33 268 
2
383 88 
2
486 172 
1
299 393 
1
247 15 
1
210 433 
1
368 317 
1
413 326 
3
189 192 
3
119 416 
3
129 449 
2
453 77 
1
460 309 
2
76 107 
2
24 100 
3
439 56 
2
26 425 
2
438 337 
2
347 273 
2
239 138 
1
455 268 
3
438 220 
3
9 426 
3
254 1 
2
390 272 
1
288 211 
3
119 484 
3
13 421 
3
233 13 
3
144 252 
3
471 206 
2
492 391 
3
89 400 
3
242 400 
3
1 36 
3
362 324 
1
32 189 
3
119 202 
2
43 181 
1
487 71 
1
322 41 
2
417 279 
1
486 114 
2
225 356 
2
213 358 
2
474 219 
3
190 498 
1
391 364 
3
257 407 
2
384 394 
1
16 462 
2
348 378 
3
69 109 
1
437 81 
1
204 40 
3
7 13 
2
128 451 
2
191 87 
3
202 90 
1
141 475 
3
152 237 
1
204 84 
2
27 400 
1
466 336 
2
260 287 
3
404 40 
3
267 168 
1
128 359 
2
98 308 
2
222 195 
3
239 347 
3
210 297 
1
59 325 
2
264 36 
1
296 296 
3
121 447 
1
454 213 
2
236 87 
2
105 186 
2
65 154 
3
245 140 
3
416 350 